term,count,tf
abb,2,0.07692307692307693
manipulating,2,0.07692307692307693
front,2,0.07692307692307693
pedastal,2,0.07692307692307693
glue,2,0.07692307692307693
dispenser,2,0.07692307692307693
return,1,0.038461538461538464
home,1,0.038461538461538464
page,1,0.038461538461538464
workspace,1,0.038461538461538464
robotrak,1,0.038461538461538464
registered,1,0.038461538461538464
trademarks,1,0.038461538461538464
robot,2,0.07692307692307693
simulations,2,0.07692307692307693
copyright,1,0.038461538461538464
revision,1,0.038461538461538464
april,1,0.038461538461538464
